10100313124268835
10100361465582272
10100902613906627
10100918252202344
10101431136358085
10101983041211481
10102186031786700
10102618198970105
10102893062626161
10103188986227880
10105371798314990
10152256770970895
10152287036621334
10152343719498194
10152352410203869
10152400681946651
10152406763741332
10152424385710800
10152436492709024
10152457695683854
10152490735252522
10152516985806569
10152517594001463
10152562049178815
10152564220533175
10152582772863165
10152612944022752
10152648696293657
10152650226344125
10152666046718172
10152860628580549
10152862332558569
10152877048521054
10152886580414095
10152895738040850
10152900623019701
10152907498964105
10152912451241613
10152934844057269
10152941323712028
10152970725774884
10152981046876497
10153049992584792
10153051379193934
10153368495872782
10153371571225680
10153381993530330
10153383041267495
10153558376798844
10154832275925548
10154859922155481
10156477087930705
10201546820711843
10201561711922989
10201782019100844
10201787161143961
10201985281513954
10202148150625239
10202243237557077
10202262859885359
10202280380346345
10202482298153717
10202621119514719
10202853324445686
10202875404382328
10202883704245968
10202934053505062
10202968460313103
10203049318900942
10203131960679675
10203133931376524
10203137600696235
10203172203613430
10203220760581129
10203288473596023
10203322390608422
10203327547126231
10203339007262500
10203339652105316
10203391343317518
10203404293601345
10203415034078510
10203418163911254
10203477803618220
10203478794555623
10203494604058513
10203520252023948
10203560178825132
10203582844950856
10203695266007983
10203882200748496
10203889643933944
10203918872705117
10203949093426920
10204043454077934
10204069320236521
10204075487221008
10204199252975906
10204230567578705
10204274571562029
10204323581881655
10204349613934030
10204385661304845
10204397642393373
10204429773136864
10204462620079909
10204540995619042
10204623011551027
10204745600592845
10204755209660286
10204918361184775
10204932323454109
10204989515368240
10204997520680662
10205000037992955
10205048152101243
10205052669974781
10205054684508205
10205160521391703
10205190436065994
10205231596819260
10205321460378716
10205384309997834
10205386716572518
10205392470793283
10205433584862537
10205500851629542
10205577004205299
10205635433158047
10205636969593227
10205652622015296
10205681115894168
10205795615345399
10205929105291113
10205930014875389
10205932031439847
10206296330586824
10206445383922326
10206453536408088
10206954426085951
10207308280253888
10207649035560415
10207948551980284
1039827876032997
1058226020895387
1061146843967475
1064120493665222
110484219348466
1119107448106761
1189892164396441
120778095019913
1209828569061257
122728618067451
1230678020294174
1231828216857129
1257465467629019
1335884469772636
1367531176593554
1390928064541587
1411058829224579
142260672841935
1481143868871985
1496647693935117
1528728340697492
1565897883642589
1567030146862619
1579799122280793
158026177958854
1582398825359302
1586618094893545
1590801637809744
1606186943032825
1639410036373970
170804827336
173981612678303
1781298692098188
187715594913500
224327974635020
243116569213470
261088190903123
306663476155282
314093458782252
326650867516896
380181485496892
406574332830256
416041871878164
435171396629075
493879670756881
576478315801453
593561880751468
593583304105759
622752084480217
631482583587221
648951961842538
653889181379469
672866552809237
692536820829005
696161323788194
700192060108408
703038749759992
704241929654952
715802475129274
716716201768591
719345045584
729130137224484
729589517119573
738892666156096
755959044531208
763298777072767
764156256992153
766465836777879
772968396077772
780052788685614
782693098433321
823362267676369
824725517598869
827674240615570
828096227335679
829178083781068
834549509940468
834830316540281
839053566134598
842073832487793
848122368551729
858490524279868
879863745403448
880164255332736
884191351605501
884441241584580
887774724579891
896900900320781
898827146803675
913972145398263
944525842234315
946360832041626
957121054301056
959081394121914
960964707251166
971369686224877
985649998112274
987531137948604
