1002316973146987
1002899749760899
10101128912512097
10101620604263137
10101666632462347
10151992002442007
10152103091171656
10152116859186129
10152182638741595
10152251648321461
10152283909896077
10152315797021421
10152340590755985
10152351478726661
10152352834681600
10152361050821118
10152361621645041
10152394696089328
10152438688039669
10152605340139538
10152676391851352
10152714097864613
10152737897423496
10152743969286146
10152773851542112
10152887281024491
10153039967778079
10153183864503888
10153378059139170
10153481056396679
10153673711752649
10153812824842910
10154239067325435
10154598230900411
10156211567100655
1019962744791752
10200111570307682
10201587878457373
10201805068284704
10202256945891583
10202885026381180
10202894561872429
10203386368312466
10203442543895111
10203500092250344
10203618413884921
10203652406979388
10203887934222859
10203972022339385
10204022794865103
10204074959988505
10204159305995626
10204167847809200
10204215606580182
10204394826857548
10204498446292566
10204588267416892
10204757127914419
10204865972396774
10205203382057410
10205234334036139
10205507112180452
10205619449625572
10205731261788985
10205837466432341
10206279212528368
10206451943724217
10206748856392493
10206936065954425
10207153905705291
10207879415637768
10208620810345419
10209140130794529
1030084797011269
1041334592565179
1088564671208745
109266166176493
110848292652878
1129575333727280
1159750540749396
116600195348021
1189672761054125
123229691367771
123241728017839
123630751398923
128126497563627
1283067838392646
1446707768975967
1453252621669528
1477581602522080
1486530021623307
1506125839714858
1577819039115708
160970650904342
1619422184948999
1685181971703935
1696654100559841
177122462642696
1777589972463972
215855305442265
237100696482664
243637716007631
245511915658907
266321346907108
278918609141329
295046794007243
360257937479453
375040039337239
383086438514121
396875280479009
417564645067690
420213471467407
424057744414460
424743594351553
426431144161417
433553693455679
465925376873418
522975307812173
584663388322908
608479869237858
626527937425656
645953562167177
668277053240420
676875452360072
683259875065666
703038749759992
705372786185246
707107086066757
713890172023694
715057281907350
721314311271134
721607810046
730280037023518
731103696940270
733510173358869
734647829943335
735389179879898
741634185925603
753382268054984
760871623971847
763603090358087
764926663558015
767846483248629
769022433169477
773821925983094
787445614667346
791605417517679
799502950132935
802168769849600
821547097880151
826471860745881
826641867379825
831330683593585
837711776284250
842007302496526
842087519193802
854595214570873
856698634361895
856902950993103
857370121074753
860995670650284
867786486676318
875923212482344
876179645774265
878064835567741
900201683374174
917399794972752
918752608181681
978710008825811
980734991953229
